{
    "MSE": 89.03773498535158,
    "abs_error": 3553.024658203125,
    "abs_target_sum": 3532.4593505859375,
    "abs_target_mean": 7.359290313720703,
    "seasonal_error": 10.997799275716147,
    "MASE": 0.6757030458911788,
    "sMAPE": 1.642766525704996,
    "MSIS": 8.307686437945952,
    "QuantileLoss[0.1]": 1737.7156718015672,
    "Coverage[0.1]": 0.16458333333333333,
    "QuantileLoss[0.5]": 3553.0246372669935,
    "Coverage[0.5]": 0.4770833333333333,
    "QuantileLoss[0.9]": 1752.4330288887022,
    "Coverage[0.9]": 0.8125,
    "RMSE": 9.435980870336246,
    "NRMSE": 1.2821862527618662,
    "ND": 1.0058218101260745,
    "wQuantileLoss[0.1]": 0.4919280023741329,
    "wQuantileLoss[0.5]": 1.0058218041992881,
    "wQuantileLoss[0.9]": 0.4960943226701312,
    "mean_wQuantileLoss": 0.6646147097478509,
    "MAE_Coverage": 0.05833333333333335
}