{
    "MSE": 1.5093212922414143,
    "abs_error": 124.29683494567871,
    "abs_target_sum": 457.3167419433594,
    "abs_target_mean": 3.8109728495279946,
    "seasonal_error": 1.3034446239471438,
    "MASE": 0.7954821851800168,
    "sMAPE": 0.29064522785985025,
    "MSIS": 6.669331891357393,
    "QuantileLoss[0.1]": 53.419330215454096,
    "Coverage[0.1]": 0.15833333333333333,
    "QuantileLoss[0.5]": 124.29682946205139,
    "Coverage[0.5]": 0.6166666666666667,
    "QuantileLoss[0.9]": 51.70214228630065,
    "Coverage[0.9]": 0.9416666666666668,
    "RMSE": 1.2285443794350346,
    "NRMSE": 0.322370278651341,
    "ND": 0.271795942605297,
    "wQuantileLoss[0.1]": 0.11681035334164588,
    "wQuantileLoss[0.5]": 0.2717959306144232,
    "wQuantileLoss[0.9]": 0.11305543301693552,
    "mean_wQuantileLoss": 0.16722057232433488,
    "MAE_Coverage": 0.07222222222222226
}