{
    "MSE": 88.518740234375,
    "abs_error": 4442.1051025390625,
    "abs_target_sum": 4455.331481933594,
    "abs_target_mean": 7.425552469889323,
    "seasonal_error": 10.831983057657878,
    "MASE": 0.686375548295403,
    "sMAPE": 1.5086911966314664,
    "MSIS": 7.116611363819305,
    "QuantileLoss[0.1]": 2111.895714044571,
    "Coverage[0.1]": 0.14166666666666666,
    "QuantileLoss[0.5]": 4442.105128675699,
    "Coverage[0.5]": 0.48999999999999994,
    "QuantileLoss[0.9]": 2005.4143413066863,
    "Coverage[0.9]": 0.865,
    "RMSE": 9.408439840609866,
    "NRMSE": 1.2670356688961755,
    "ND": 0.9970313366248584,
    "wQuantileLoss[0.1]": 0.4740153953994951,
    "wQuantileLoss[0.5]": 0.9970313424912316,
    "wQuantileLoss[0.9]": 0.45011563100044477,
    "mean_wQuantileLoss": 0.6403874562970572,
    "MAE_Coverage": 0.02888888888888892
}