{
    "MSE": 166.82332356770831,
    "abs_error": 1150.4358825683594,
    "abs_target_sum": 1860.2532653808594,
    "abs_target_mean": 15.502110544840495,
    "seasonal_error": 13.270664978027344,
    "MASE": 0.7220904158289134,
    "sMAPE": 0.6531901767285956,
    "MSIS": 9.598105118738214,
    "QuantileLoss[0.1]": 370.02967305183415,
    "Coverage[0.1]": 0.03333333333333333,
    "QuantileLoss[0.5]": 1150.435873746872,
    "Coverage[0.5]": 0.5583333333333333,
    "QuantileLoss[0.9]": 844.0339645385741,
    "Coverage[0.9]": 0.7833333333333334,
    "RMSE": 12.91601035799013,
    "NRMSE": 0.8331775418985716,
    "ND": 0.6184297073833248,
    "wQuantileLoss[0.1]": 0.1989135995286513,
    "wQuantileLoss[0.5]": 0.6184297026412353,
    "wQuantileLoss[0.9]": 0.4537199209623592,
    "mean_wQuantileLoss": 0.42368774104408197,
    "MAE_Coverage": 0.08055555555555553
}