{
    "MSE": 93.94207153320312,
    "abs_error": 1896.7957458496094,
    "abs_target_sum": 1836.6493225097656,
    "abs_target_mean": 7.652705510457357,
    "seasonal_error": 10.677031017485119,
    "MASE": 0.7416363339046477,
    "sMAPE": 1.6313213543869254,
    "MSIS": 7.925529902645022,
    "QuantileLoss[0.1]": 816.7099126815797,
    "Coverage[0.1]": 0.14583333333333334,
    "QuantileLoss[0.5]": 1896.7957364618778,
    "Coverage[0.5]": 0.5,
    "QuantileLoss[0.9]": 902.4581305503845,
    "Coverage[0.9]": 0.8166666666666667,
    "RMSE": 9.692371821860897,
    "NRMSE": 1.2665287862725612,
    "ND": 1.0327479081622692,
    "wQuantileLoss[0.1]": 0.4446738431077047,
    "wQuantileLoss[0.5]": 1.0327479030509334,
    "wQuantileLoss[0.9]": 0.4913611539720512,
    "mean_wQuantileLoss": 0.6562609667102298,
    "MAE_Coverage": 0.04305555555555557
}