{
    "MSE": 104.37283426920574,
    "abs_error": 1004.9337768554688,
    "abs_target_sum": 982.3249664306641,
    "abs_target_mean": 8.186041386922202,
    "seasonal_error": 10.639531453450521,
    "MASE": 0.7864325791993039,
    "sMAPE": 1.6440893546900663,
    "MSIS": 8.78561192718789,
    "QuantileLoss[0.1]": 451.8863472938538,
    "Coverage[0.1]": 0.16666666666666669,
    "QuantileLoss[0.5]": 1004.9337932765484,
    "Coverage[0.5]": 0.4833333333333334,
    "QuantileLoss[0.9]": 457.9293745040893,
    "Coverage[0.9]": 0.7916666666666667,
    "RMSE": 10.216302377533944,
    "NRMSE": 1.248014992185995,
    "ND": 1.023015612142034,
    "wQuantileLoss[0.1]": 0.4600171661479903,
    "wQuantileLoss[0.5]": 1.023015628858579,
    "wQuantileLoss[0.9]": 0.4661689259186833,
    "mean_wQuantileLoss": 0.6497339069750843,
    "MAE_Coverage": 0.06388888888888886
}