{
    "MSE": 108.41058654785157,
    "abs_error": 1014.9582672119141,
    "abs_target_sum": 982.3249664306641,
    "abs_target_mean": 8.186041386922202,
    "seasonal_error": 10.639531453450521,
    "MASE": 0.7934784208421968,
    "sMAPE": 1.6193721684809703,
    "MSIS": 9.548442126102387,
    "QuantileLoss[0.1]": 454.6582773208618,
    "Coverage[0.1]": 0.16666666666666669,
    "QuantileLoss[0.5]": 1014.9582758843899,
    "Coverage[0.5]": 0.475,
    "QuantileLoss[0.9]": 505.1901086091995,
    "Coverage[0.9]": 0.775,
    "RMSE": 10.412040460344532,
    "NRMSE": 1.2719261934075394,
    "ND": 1.0332204737703299,
    "wQuantileLoss[0.1]": 0.4628389716825478,
    "wQuantileLoss[0.5]": 1.03322048259885,
    "wQuantileLoss[0.9]": 0.5142800253207833,
    "mean_wQuantileLoss": 0.6701131598673937,
    "MAE_Coverage": 0.07222222222222223
}