{
    "MSE": 104.74309692382812,
    "abs_error": 1005.3254547119141,
    "abs_target_sum": 982.3249664306641,
    "abs_target_mean": 8.186041386922202,
    "seasonal_error": 10.639531453450521,
    "MASE": 0.7866902827683722,
    "sMAPE": 1.706158355461985,
    "MSIS": 11.957759766293117,
    "QuantileLoss[0.1]": 462.16415863037116,
    "Coverage[0.1]": 0.15,
    "QuantileLoss[0.5]": 1005.3254605829716,
    "Coverage[0.5]": 0.4416666666666667,
    "QuantileLoss[0.9]": 584.5310398578644,
    "Coverage[0.9]": 0.7,
    "RMSE": 10.234407502333886,
    "NRMSE": 1.250226699156945,
    "ND": 1.0234143374822526,
    "wQuantileLoss[0.1]": 0.47047990677634105,
    "wQuantileLoss[0.5]": 1.0234143434589484,
    "wQuantileLoss[0.9]": 0.5950485428277289,
    "mean_wQuantileLoss": 0.6963142643543394,
    "MAE_Coverage": 0.10277777777777779
}