{
    "MSE": 0.01570334335168203,
    "abs_error": 11.974054336547852,
    "abs_target_sum": 201.29051208496094,
    "abs_target_mean": 1.6774209340413413,
    "seasonal_error": 0.13079062104225161,
    "MASE": 0.7636059183966737,
    "sMAPE": 0.06148519661785715,
    "MSIS": 6.384628522513383,
    "QuantileLoss[0.1]": 5.343708276748657,
    "Coverage[0.1]": 0.10833333333333332,
    "QuantileLoss[0.5]": 11.974053740501404,
    "Coverage[0.5]": 0.5083333333333333,
    "QuantileLoss[0.9]": 5.357192850112915,
    "Coverage[0.9]": 0.9416666666666667,
    "RMSE": 0.1253129815768583,
    "NRMSE": 0.07470574560849606,
    "ND": 0.05948643188653536,
    "wQuantileLoss[0.1]": 0.026547243689723332,
    "wQuantileLoss[0.5]": 0.059486428925409965,
    "wQuantileLoss[0.9]": 0.026614234295612226,
    "mean_wQuantileLoss": 0.03754930230358184,
    "MAE_Coverage": 0.019444444444444417
}