{
    "MSE": 109.81199239095054,
    "abs_error": 1023.1518402099609,
    "abs_target_sum": 982.3249664306641,
    "abs_target_mean": 8.186041386922202,
    "seasonal_error": 10.639531453450521,
    "MASE": 0.7995874529970755,
    "sMAPE": 1.5633247148494043,
    "MSIS": 9.53285951583039,
    "QuantileLoss[0.1]": 426.6767788410187,
    "Coverage[0.1]": 0.14166666666666666,
    "QuantileLoss[0.5]": 1023.1518111824989,
    "Coverage[0.5]": 0.4333333333333333,
    "QuantileLoss[0.9]": 529.6952790260315,
    "Coverage[0.9]": 0.75,
    "RMSE": 10.479121737576605,
    "NRMSE": 1.2801207863812862,
    "ND": 1.0415614742315302,
    "wQuantileLoss[0.1]": 0.4343540003786873,
    "wQuantileLoss[0.5]": 1.0415614446817754,
    "wQuantileLoss[0.9]": 0.5392261187768754,
    "mean_wQuantileLoss": 0.6717138546124461,
    "MAE_Coverage": 0.08611111111111114
}