{
    "MSE": 5.621591949462891,
    "abs_error": 232.45758819580078,
    "abs_target_sum": 878.3551025390625,
    "abs_target_mean": 7.3196258544921875,
    "seasonal_error": 2.2057945251464846,
    "MASE": 0.8830011463318701,
    "sMAPE": 0.2586261223688583,
    "MSIS": 8.711985880738812,
    "QuantileLoss[0.1]": 100.86835885047913,
    "Coverage[0.1]": 0.23333333333333334,
    "QuantileLoss[0.5]": 232.4575901031494,
    "Coverage[0.5]": 0.6666666666666666,
    "QuantileLoss[0.9]": 99.78355312347409,
    "Coverage[0.9]": 0.95,
    "RMSE": 2.3709896561273505,
    "NRMSE": 0.3239222472924939,
    "ND": 0.2646510363790627,
    "wQuantileLoss[0.1]": 0.11483779004516374,
    "wQuantileLoss[0.5]": 0.2646510385505633,
    "wQuantileLoss[0.9]": 0.1136027477213141,
    "mean_wQuantileLoss": 0.16436385877234705,
    "MAE_Coverage": 0.11666666666666663
}