{
    "MSE": 111.21106872558593,
    "abs_error": 1030.028564453125,
    "abs_target_sum": 982.3249664306641,
    "abs_target_mean": 8.186041386922202,
    "seasonal_error": 10.639531453450521,
    "MASE": 0.8056795844815328,
    "sMAPE": 1.5538436458046285,
    "MSIS": 9.852083059728713,
    "QuantileLoss[0.1]": 425.68088684082034,
    "Coverage[0.1]": 0.13333333333333333,
    "QuantileLoss[0.5]": 1030.028554469347,
    "Coverage[0.5]": 0.4,
    "QuantileLoss[0.9]": 550.1603086709976,
    "Coverage[0.9]": 0.675,
    "RMSE": 10.545665873978084,
    "NRMSE": 1.2882497626783995,
    "ND": 1.0485619317971677,
    "wQuantileLoss[0.1]": 0.4333401892324462,
    "wQuantileLoss[0.5]": 1.048561921633751,
    "wQuantileLoss[0.9]": 0.5600593769595795,
    "mean_wQuantileLoss": 0.680653829275259,
    "MAE_Coverage": 0.11944444444444442
}