{
    "MSE": 85.41856553819444,
    "abs_error": 2616.536651611328,
    "abs_target_sum": 2624.2684631347656,
    "abs_target_mean": 7.289634619818793,
    "seasonal_error": 10.738854302300348,
    "MASE": 0.6793363633353342,
    "sMAPE": 1.5249670044431238,
    "MSIS": 7.10634678566335,
    "QuantileLoss[0.1]": 1209.1119410037995,
    "Coverage[0.1]": 0.12777777777777777,
    "QuantileLoss[0.5]": 2616.536634363234,
    "Coverage[0.5]": 0.5166666666666667,
    "QuantileLoss[0.9]": 1227.4331268310546,
    "Coverage[0.9]": 0.8444444444444444,
    "RMSE": 9.242216484058055,
    "NRMSE": 1.2678573023304425,
    "ND": 0.9970537269215964,
    "wQuantileLoss[0.1]": 0.46074247280306063,
    "wQuantileLoss[0.5]": 0.9970537203490623,
    "wQuantileLoss[0.9]": 0.4677239177598658,
    "mean_wQuantileLoss": 0.6418400369706628,
    "MAE_Coverage": 0.033333333333333354
}