{
    "MSE": 0.008041427284479142,
    "abs_error": 8.621966123580933,
    "abs_target_sum": 65.05351448059082,
    "abs_target_mean": 0.5421126206715902,
    "seasonal_error": 0.09547279874483745,
    "MASE": 0.7526832970904888,
    "sMAPE": 0.22291245699082735,
    "MSIS": 6.21004775513409,
    "QuantileLoss[0.1]": 3.7959045335650443,
    "Coverage[0.1]": 0.125,
    "QuantileLoss[0.5]": 8.621966291218996,
    "Coverage[0.5]": 0.525,
    "QuantileLoss[0.9]": 3.832938531041145,
    "Coverage[0.9]": 0.9166666666666666,
    "RMSE": 0.08967400562302959,
    "NRMSE": 0.1654158235828156,
    "ND": 0.13253651539692538,
    "wQuantileLoss[0.1]": 0.05835049134351657,
    "wQuantileLoss[0.5]": 0.1325365179738509,
    "wQuantileLoss[0.9]": 0.058919776458575955,
    "mean_wQuantileLoss": 0.08326892859198114,
    "MAE_Coverage": 0.02222222222222221
}