{
    "MSE": 106.9061991373698,
    "abs_error": 1012.2984771728516,
    "abs_target_sum": 982.3249664306641,
    "abs_target_mean": 8.186041386922202,
    "seasonal_error": 10.639531453450521,
    "MASE": 0.7916810572805824,
    "sMAPE": 1.5780739932225338,
    "MSIS": 8.827574605839995,
    "QuantileLoss[0.1]": 457.745382976532,
    "Coverage[0.1]": 0.16666666666666669,
    "QuantileLoss[0.5]": 1012.2984775900841,
    "Coverage[0.5]": 0.475,
    "QuantileLoss[0.9]": 471.0822721481323,
    "Coverage[0.9]": 0.8,
    "RMSE": 10.339545402839034,
    "NRMSE": 1.2630702575431896,
    "ND": 1.0305128259654217,
    "wQuantileLoss[0.1]": 0.4659816238202486,
    "wQuantileLoss[0.5]": 1.0305128263901615,
    "wQuantileLoss[0.9]": 0.4795584844594123,
    "mean_wQuantileLoss": 0.6586843115566074,
    "MAE_Coverage": 0.0638888888888889
}