{
    "MSE": 0.12314576109250389,
    "abs_error": 35.394169330596924,
    "abs_target_sum": 79.70497512817383,
    "abs_target_mean": 0.6642081260681152,
    "seasonal_error": 0.298767626285553,
    "MASE": 0.9869332041602277,
    "sMAPE": 0.4845698936614422,
    "MSIS": 9.524943504963408,
    "QuantileLoss[0.1]": 14.987119341641664,
    "Coverage[0.1]": 0.25833333333333336,
    "QuantileLoss[0.5]": 35.39416980743408,
    "Coverage[0.5]": 0.7083333333333333,
    "QuantileLoss[0.9]": 15.242379254102705,
    "Coverage[0.9]": 0.9416666666666667,
    "RMSE": 0.35092130327539806,
    "NRMSE": 0.5283303372886027,
    "ND": 0.44406474343263325,
    "wQuantileLoss[0.1]": 0.1880324197773204,
    "wQuantileLoss[0.5]": 0.4440647494151601,
    "wQuantileLoss[0.9]": 0.1912349791163147,
    "mean_wQuantileLoss": 0.27444404943626505,
    "MAE_Coverage": 0.13611111111111107
}