{
    "MSE": 89.49008789062499,
    "abs_error": 4438.198547363281,
    "abs_target_sum": 4455.331481933594,
    "abs_target_mean": 7.425552469889323,
    "seasonal_error": 10.831983057657878,
    "MASE": 0.6868351458837473,
    "sMAPE": 1.6292185850497454,
    "MSIS": 7.710089318157237,
    "QuantileLoss[0.1]": 2086.3064597129824,
    "Coverage[0.1]": 0.14499999999999996,
    "QuantileLoss[0.5]": 4438.198539078236,
    "Coverage[0.5]": 0.4966666666666667,
    "QuantileLoss[0.9]": 2167.267226600647,
    "Coverage[0.9]": 0.8333333333333334,
    "RMSE": 9.459920078448073,
    "NRMSE": 1.2739685184110041,
    "ND": 0.9961545095713334,
    "wQuantileLoss[0.1]": 0.4682718823892167,
    "wQuantileLoss[0.5]": 0.9961545077117534,
    "wQuantileLoss[0.9]": 0.4864435419427115,
    "mean_wQuantileLoss": 0.650289977347894,
    "MAE_Coverage": 0.0383333333333333
}