{
    "MSE": 104.99698282877605,
    "abs_error": 1006.2133636474609,
    "abs_target_sum": 982.3249664306641,
    "abs_target_mean": 8.186041386922202,
    "seasonal_error": 10.639531453450521,
    "MASE": 0.7878950670644963,
    "sMAPE": 1.5747769065543182,
    "MSIS": 8.913784322023371,
    "QuantileLoss[0.1]": 464.28621945381167,
    "Coverage[0.1]": 0.19166666666666665,
    "QuantileLoss[0.5]": 1006.2133532166481,
    "Coverage[0.5]": 0.5000000000000001,
    "QuantileLoss[0.9]": 458.29755229949944,
    "Coverage[0.9]": 0.825,
    "RMSE": 10.246803542021095,
    "NRMSE": 1.2517409890439974,
    "ND": 1.024318222617915,
    "wQuantileLoss[0.1]": 0.4726401499707608,
    "wQuantileLoss[0.5]": 1.02431821199942,
    "wQuantileLoss[0.9]": 0.46654372835982244,
    "mean_wQuantileLoss": 0.6545006967766678,
    "MAE_Coverage": 0.05555555555555561
}