{
    "MSE": 13.12845408121745,
    "abs_error": 354.40394592285156,
    "abs_target_sum": 1346.0,
    "abs_target_mean": 11.216666666666667,
    "seasonal_error": 3.5083333333333337,
    "MASE": 0.8423699296256559,
    "sMAPE": 0.26195890049607157,
    "MSIS": 7.578467003843786,
    "QuantileLoss[0.1]": 145.70706124305727,
    "Coverage[0.1]": 0.175,
    "QuantileLoss[0.5]": 354.40393257141113,
    "Coverage[0.5]": 0.6333333333333333,
    "QuantileLoss[0.9]": 163.16163215637204,
    "Coverage[0.9]": 0.9083333333333334,
    "RMSE": 3.6233208636853362,
    "NRMSE": 0.3230300918590196,
    "ND": 0.2633015942963236,
    "wQuantileLoss[0.1]": 0.10825190285516885,
    "wQuantileLoss[0.5]": 0.2633015843769771,
    "wQuantileLoss[0.9]": 0.1212196375604547,
    "mean_wQuantileLoss": 0.1642577082642002,
    "MAE_Coverage": 0.07222222222222223
}