{
    "MSE": 103.13724772135417,
    "abs_error": 1020.7085418701172,
    "abs_target_sum": 982.3249664306641,
    "abs_target_mean": 8.186041386922202,
    "seasonal_error": 10.639531453450521,
    "MASE": 0.798752236237317,
    "sMAPE": 1.6179081608868784,
    "MSIS": 8.734123073284021,
    "QuantileLoss[0.1]": 459.66445574760434,
    "Coverage[0.1]": 0.175,
    "QuantileLoss[0.5]": 1020.7085174620152,
    "Coverage[0.5]": 0.5,
    "QuantileLoss[0.9]": 449.7032856225967,
    "Coverage[0.9]": 0.8166666666666667,
    "RMSE": 10.155651024004033,
    "NRMSE": 1.2406058733380492,
    "ND": 1.039074213474307,
    "wQuantileLoss[0.1]": 0.46793522658578285,
    "wQuantileLoss[0.5]": 1.0390741886270283,
    "wQuantileLoss[0.9]": 0.4577948245137454,
    "mean_wQuantileLoss": 0.6549347465755188,
    "MAE_Coverage": 0.052777777777777785
}