{
    "MSE": 105.80627034505207,
    "abs_error": 1020.8042755126953,
    "abs_target_sum": 982.3249664306641,
    "abs_target_mean": 8.186041386922202,
    "seasonal_error": 10.639531453450521,
    "MASE": 0.7982725914103288,
    "sMAPE": 1.6137445716999146,
    "MSIS": 8.959673856380887,
    "QuantileLoss[0.1]": 465.5454255104065,
    "Coverage[0.1]": 0.175,
    "QuantileLoss[0.5]": 1020.8042923808098,
    "Coverage[0.5]": 0.5250000000000001,
    "QuantileLoss[0.9]": 454.2215742111205,
    "Coverage[0.9]": 0.8083333333333332,
    "RMSE": 10.286217494543466,
    "NRMSE": 1.2565557646674557,
    "ND": 1.039171669658207,
    "wQuantileLoss[0.1]": 0.4739220129994185,
    "wQuantileLoss[0.5]": 1.0391716868298304,
    "wQuantileLoss[0.9]": 0.46239441094687994,
    "mean_wQuantileLoss": 0.6584960369253762,
    "MAE_Coverage": 0.06388888888888897
}