{
    "MSE": 86.3921129014757,
    "abs_error": 2702.321746826172,
    "abs_target_sum": 2624.2684631347656,
    "abs_target_mean": 7.289634619818793,
    "seasonal_error": 10.738854302300348,
    "MASE": 0.7023789481942726,
    "sMAPE": 1.6404256790271035,
    "MSIS": 5.084913830243138,
    "QuantileLoss[0.1]": 1179.0991137027743,
    "Coverage[0.1]": 0.07777777777777778,
    "QuantileLoss[0.5]": 2702.321740925312,
    "Coverage[0.5]": 0.5138888888888888,
    "QuantileLoss[0.9]": 1200.9549192428588,
    "Coverage[0.9]": 0.9111111111111112,
    "RMSE": 9.294735762864681,
    "NRMSE": 1.275061954078534,
    "ND": 1.0297428730283826,
    "wQuantileLoss[0.1]": 0.4493058276112139,
    "wQuantileLoss[0.5]": 1.0297428707798095,
    "wQuantileLoss[0.9]": 0.4576341697176374,
    "mean_wQuantileLoss": 0.6455609560362202,
    "MAE_Coverage": 0.01574074074074075
}