{
    "MSE": 95.40107421875,
    "abs_error": 1849.3412475585938,
    "abs_target_sum": 1836.6493225097656,
    "abs_target_mean": 7.652705510457357,
    "seasonal_error": 10.677031017485119,
    "MASE": 0.7223051216049743,
    "sMAPE": 1.634707069607827,
    "MSIS": 10.416183178335904,
    "QuantileLoss[0.1]": 826.3745277404786,
    "Coverage[0.1]": 0.175,
    "QuantileLoss[0.5]": 1849.3412581980228,
    "Coverage[0.5]": 0.4625,
    "QuantileLoss[0.9]": 1072.771928191185,
    "Coverage[0.9]": 0.7541666666666667,
    "RMSE": 9.767347348116068,
    "NRMSE": 1.2763260437461066,
    "ND": 1.006910369275875,
    "wQuantileLoss[0.1]": 0.44993593366601137,
    "wQuantileLoss[0.5]": 1.0069103750687223,
    "wQuantileLoss[0.9]": 0.5840918650302015,
    "mean_wQuantileLoss": 0.6803127245883117,
    "MAE_Coverage": 0.0861111111111111
}