{
    "MSE": 83.85092366536458,
    "abs_error": 3454.78564453125,
    "abs_target_sum": 3532.4593505859375,
    "abs_target_mean": 7.359290313720703,
    "seasonal_error": 10.997799275716147,
    "MASE": 0.6562275219303099,
    "sMAPE": 1.5227634269175239,
    "MSIS": 6.752752620085742,
    "QuantileLoss[0.1]": 1600.0516240119932,
    "Coverage[0.1]": 0.12916666666666665,
    "QuantileLoss[0.5]": 3454.785649970174,
    "Coverage[0.5]": 0.5020833333333333,
    "QuantileLoss[0.9]": 1610.481453847885,
    "Coverage[0.9]": 0.8625,
    "RMSE": 9.157014997550489,
    "NRMSE": 1.2442796257783304,
    "ND": 0.9780114366944368,
    "wQuantileLoss[0.1]": 0.4529568397571479,
    "wQuantileLoss[0.5]": 0.9780114382341357,
    "wQuantileLoss[0.9]": 0.4559094087185322,
    "mean_wQuantileLoss": 0.6289592289032719,
    "MAE_Coverage": 0.02291666666666665
}