{
    "MSE": 104.60546773274739,
    "abs_error": 1014.2841339111328,
    "abs_target_sum": 982.3249664306641,
    "abs_target_mean": 8.186041386922202,
    "seasonal_error": 10.639531453450521,
    "MASE": 0.7937442465226952,
    "sMAPE": 1.5990224744209098,
    "MSIS": 8.597865887463554,
    "QuantileLoss[0.1]": 457.5274257659913,
    "Coverage[0.1]": 0.175,
    "QuantileLoss[0.5]": 1014.2841537594795,
    "Coverage[0.5]": 0.5083333333333334,
    "QuantileLoss[0.9]": 451.46924934387204,
    "Coverage[0.9]": 0.825,
    "RMSE": 10.22768144462602,
    "NRMSE": 1.2494050495475733,
    "ND": 1.0325342107475841,
    "wQuantileLoss[0.1]": 0.4657597448922064,
    "wQuantileLoss[0.5]": 1.0325342309530634,
    "wQuantileLoss[0.9]": 0.459592563328928,
    "mean_wQuantileLoss": 0.6526288463913993,
    "MAE_Coverage": 0.05277777777777782
}