{
    "MSE": 3.382256031036377,
    "abs_error": 177.1295928955078,
    "abs_target_sum": 418.24523162841797,
    "abs_target_mean": 3.4853769302368165,
    "seasonal_error": 1.847972583770752,
    "MASE": 0.8021389053112111,
    "sMAPE": 0.4895137024583497,
    "MSIS": 8.77303017396259,
    "QuantileLoss[0.1]": 73.06782186329366,
    "Coverage[0.1]": 0.06666666666666667,
    "QuantileLoss[0.5]": 177.1295930147171,
    "Coverage[0.5]": 0.275,
    "QuantileLoss[0.9]": 91.86173062324524,
    "Coverage[0.9]": 0.7416666666666667,
    "RMSE": 1.83909108829236,
    "NRMSE": 0.5276591671728893,
    "ND": 0.4235065447270305,
    "wQuantileLoss[0.1]": 0.17470090831354504,
    "wQuantileLoss[0.5]": 0.4235065450120529,
    "wQuantileLoss[0.9]": 0.2196360500407523,
    "mean_wQuantileLoss": 0.27261450112211677,
    "MAE_Coverage": 0.13888888888888887
}