{
    "MSE": 0.5136080185572306,
    "abs_error": 73.18487453460693,
    "abs_target_sum": 155.3843116760254,
    "abs_target_mean": 1.2948692639668784,
    "seasonal_error": 0.8150507609049479,
    "MASE": 0.7485761657304263,
    "sMAPE": 0.5404109074372787,
    "MSIS": 6.275221391976869,
    "QuantileLoss[0.1]": 32.024134532362226,
    "Coverage[0.1]": 0.18333333333333332,
    "QuantileLoss[0.5]": 73.18487417697906,
    "Coverage[0.5]": 0.4833333333333333,
    "QuantileLoss[0.9]": 28.53255867958068,
    "Coverage[0.9]": 0.8666666666666666,
    "RMSE": 0.7166645090676882,
    "NRMSE": 0.5534647620503098,
    "ND": 0.4709926873904529,
    "wQuantileLoss[0.1]": 0.20609631813494916,
    "wQuantileLoss[0.5]": 0.4709926850888829,
    "wQuantileLoss[0.9]": 0.18362573654842812,
    "mean_wQuantileLoss": 0.2869049132574201,
    "MAE_Coverage": 0.04444444444444449
}