{
    "MSE": 4.024593798319499,
    "abs_error": 174.0113010406494,
    "abs_target_sum": 338.67270278930664,
    "abs_target_mean": 2.822272523244222,
    "seasonal_error": 1.435344664255778,
    "MASE": 1.0018476125595044,
    "sMAPE": 0.4675433553828786,
    "MSIS": 11.642184551867217,
    "QuantileLoss[0.1]": 62.65111820697784,
    "Coverage[0.1]": 0.17500000000000002,
    "QuantileLoss[0.5]": 174.01129972934723,
    "Coverage[0.5]": 0.6916666666666667,
    "QuantileLoss[0.9]": 110.87744724750517,
    "Coverage[0.9]": 0.8916666666666666,
    "RMSE": 2.0061390276647075,
    "NRMSE": 0.7108239941898441,
    "ND": 0.5138037391484263,
    "wQuantileLoss[0.1]": 0.18499016215651146,
    "wQuantileLoss[0.5]": 0.51380373527654,
    "wQuantileLoss[0.9]": 0.3273882020437995,
    "mean_wQuantileLoss": 0.342060699825617,
    "MAE_Coverage": 0.09166666666666669
}