{
    "MSE": 1.2116171836853027,
    "abs_error": 103.49560546875,
    "abs_target_sum": 276.86096954345703,
    "abs_target_mean": 2.3071747461954755,
    "seasonal_error": 0.9850499947865805,
    "MASE": 0.8726969547363854,
    "sMAPE": 0.40163425497270316,
    "MSIS": 11.202366988251832,
    "QuantileLoss[0.1]": 62.0387761592865,
    "Coverage[0.1]": 0.30833333333333335,
    "QuantileLoss[0.5]": 103.49560379981995,
    "Coverage[0.5]": 0.7166666666666667,
    "QuantileLoss[0.9]": 41.51765301227569,
    "Coverage[0.9]": 0.9666666666666668,
    "RMSE": 1.1007348380447048,
    "NRMSE": 0.47709209710266354,
    "ND": 0.37381796950077134,
    "wQuantileLoss[0.1]": 0.22407916963372723,
    "wQuantileLoss[0.5]": 0.3738179634727275,
    "wQuantileLoss[0.9]": 0.14995849028751934,
    "mean_wQuantileLoss": 0.24928520779799138,
    "MAE_Coverage": 0.16388888888888895
}