{
    "MSE": 106.00481465657553,
    "abs_error": 1021.1569519042969,
    "abs_target_sum": 982.3249664306641,
    "abs_target_mean": 8.186041386922202,
    "seasonal_error": 10.639531453450521,
    "MASE": 0.7979849819344896,
    "sMAPE": 1.6766629573149552,
    "MSIS": 9.10986438182113,
    "QuantileLoss[0.1]": 447.15992908477784,
    "Coverage[0.1]": 0.15,
    "QuantileLoss[0.5]": 1021.1569685339928,
    "Coverage[0.5]": 0.4833333333333333,
    "QuantileLoss[0.9]": 484.18193836212157,
    "Coverage[0.9]": 0.7916666666666666,
    "RMSE": 10.295863958725151,
    "NRMSE": 1.257734168700093,
    "ND": 1.0395306917778249,
    "wQuantileLoss[0.1]": 0.45520570520523357,
    "wQuantileLoss[0.5]": 1.03953070870674,
    "wQuantileLoss[0.9]": 0.49289385377369094,
    "mean_wQuantileLoss": 0.6625434225618881,
    "MAE_Coverage": 0.05833333333333337
}