{
    "MSE": 15.464893595377603,
    "abs_error": 388.0152053833008,
    "abs_target_sum": 606.3134841918945,
    "abs_target_mean": 5.052612368265788,
    "seasonal_error": 5.046937878926595,
    "MASE": 0.6461745002898684,
    "sMAPE": 0.6395691945351353,
    "MSIS": 4.853969606933065,
    "QuantileLoss[0.1]": 123.78432730436327,
    "Coverage[0.1]": 0.10833333333333335,
    "QuantileLoss[0.5]": 388.015216588974,
    "Coverage[0.5]": 0.675,
    "QuantileLoss[0.9]": 196.51913833618164,
    "Coverage[0.9]": 0.9333333333333333,
    "RMSE": 3.9325428917403564,
    "NRMSE": 0.7783187399135718,
    "ND": 0.6399580670722743,
    "wQuantileLoss[0.1]": 0.20415895494942726,
    "wQuantileLoss[0.5]": 0.6399580855539236,
    "wQuantileLoss[0.9]": 0.3241213389771561,
    "mean_wQuantileLoss": 0.389412793160169,
    "MAE_Coverage": 0.07222222222222224
}