{
    "MSE": 104.62217203776042,
    "abs_error": 1014.1395721435547,
    "abs_target_sum": 982.3249664306641,
    "abs_target_mean": 8.186041386922202,
    "seasonal_error": 10.639531453450521,
    "MASE": 0.793848408061189,
    "sMAPE": 1.5895939283014338,
    "MSIS": 8.953788663188671,
    "QuantileLoss[0.1]": 439.32392387390144,
    "Coverage[0.1]": 0.1833333333333333,
    "QuantileLoss[0.5]": 1014.139562368393,
    "Coverage[0.5]": 0.5,
    "QuantileLoss[0.9]": 483.35917441844936,
    "Coverage[0.9]": 0.8416666666666666,
    "RMSE": 10.228498034303982,
    "NRMSE": 1.2495048034627279,
    "ND": 1.0323870478712263,
    "wQuantileLoss[0.1]": 0.44722870627040145,
    "wQuantileLoss[0.5]": 1.0323870379201794,
    "wQuantileLoss[0.9]": 0.4920562857877506,
    "mean_wQuantileLoss": 0.6572240099927772,
    "MAE_Coverage": 0.04722222222222225
}